   1 112   1   0  0.7777803E+01  0.2325000E+04
  CAR 
 unknown system                          
   0   0   0
   1   1
 256 256 256
 256
  0.1000000E-09
  0.6250000E-11
   1
  0.5000000E-15  0.1036269E-08  0.1036269E-08  0.1036269E-08
  0.2326802E+04  0.2384942E+04
  0.000
  0.000
  0.000
  0.000
  0.000
  0.000
  0.000
  0.000
  0.000
  0.000
  0.000
  0.000
  0.000
  0.000
  0.000
  0.000
  0.000
  0.000
  0.000
  0.000
  0.008
  0.086
  0.286
  0.747
  1.173
  1.564
  2.089
  2.468
  2.795
  2.195
  1.506
  0.985
  0.601
  0.389
  0.273
  0.201
  0.156
  0.139
  0.178
  0.242
  0.332
  0.478
  0.688
  1.006
  1.298
  1.614
  1.870
  1.916
  1.815
  1.627
  1.417
  1.253
  1.104
  1.078
  1.029
  0.962
  0.971
  0.989
  0.911
  0.784
  0.769
  0.681
  0.596
  0.587
  0.655
  0.724
  0.843
  0.953
  1.090
  1.084
  1.119
  1.139
  1.078
  1.030
  0.979
  0.978
  0.993
  1.049
  1.013
  0.967
  0.926
  0.937
  0.991
  0.994
  1.014
  1.057
  1.140
  1.158
  1.177
  1.144
  1.114
  1.124
  1.116
  1.129
  1.096
  1.047
  0.995
  0.983
  0.951
  0.947
  1.017
  1.032
  0.991
  0.965
  0.940
  0.905
  0.904
  0.888
  0.840
  0.816
  0.835
  0.856
  0.918
  0.956
  0.973
  0.984
  0.992
  1.050
  1.056
  1.079
  1.071
  1.090
  1.072
  1.073
  1.042
  1.027
  0.988
  1.002
  1.041
  1.045
  1.040
  1.004
  1.003
  1.020
  1.030
  1.003
  0.963
  0.960
  0.971
  0.986
  0.992
  0.988
  1.014
  1.023
  0.984
  0.943
  0.938
  0.956
  0.961
  1.002
  1.029
  1.038
  1.056
  1.063
  1.032
  1.009
  1.000
  0.963
  0.919
  0.893
  0.895
  0.897
  0.899
  0.912
  0.958
  1.003
  1.035
  1.069
  1.106
  1.107
  1.070
  1.052
  1.010
  0.973
  0.926
  0.928
  0.915
  0.903
  0.902
  0.921
  0.908
  0.893
  0.900
  0.901
  0.898
  0.905
  0.932
  0.982
  1.003
  1.016
  1.042
  1.071
  1.090
  1.089
  1.086
  1.059
  1.028
  0.982
  0.968
  0.958
  0.963
  0.958
  0.951
  0.972
  0.997
  0.993
  1.002
  1.005
  0.993
  1.001
  1.022
  1.010
  1.003
  1.012
  1.027
  1.033
  1.027
  1.034
  1.037
  1.026
  1.001
  0.990
  0.988
  0.967
  0.962
  0.965
  0.966
  0.956
  0.966
  0.961
  0.976
  0.993
  1.022
  1.060
  1.082
  1.083
  1.054
  1.031
  1.008
  0.985
  0.955
  0.934
  0.919
  0.926
  0.938
  0.964
  0.964
  0.968
  0.988
  0.991
  1.004
  1.005
  1.000
  1.000
  0.997
  0.994
