   1 120   1   0  0.7279435E+01  0.3000000E+03
  CAR 
 unknown system                          
   0   0   0
   1   1
 256 256 256
 256
  0.1000000E-09
  0.6250000E-11
   1
  0.5000000E-15  0.1014539E-08  0.1040844E-08  0.1040844E-08
  0.2997407E+03  0.3135651E+03
  0.000
  0.000
  0.000
  0.000
  0.000
  0.000
  0.000
  0.000
  0.000
  0.000
  0.000
  0.000
  0.000
  0.000
  0.000
  0.000
  0.000
  0.000
  0.000
  0.000
  0.000
  0.008
  0.539
  0.632
  0.334
  1.756
  1.301
  2.864
  5.895
  3.109
  0.438
  0.027
  0.013
  0.029
  0.072
  0.176
  0.291
  0.367
  0.267
  0.096
  0.050
  0.040
  0.196
  0.504
  0.965
  2.184
  3.718
  3.284
  2.032
  1.300
  0.886
  0.649
  0.573
  0.599
  0.745
  0.856
  0.827
  1.135
  1.576
  1.592
  1.195
  0.785
  0.388
  0.200
  0.189
  0.193
  0.319
  0.792
  1.656
  1.904
  1.464
  1.212
  0.926
  0.761
  0.760
  0.817
  0.897
  1.177
  1.230
  1.073
  0.821
  0.732
  0.808
  0.957
  1.007
  1.248
  1.471
  1.405
  1.344
  1.272
  0.835
  0.706
  1.026
  1.466
  1.428
  1.103
  0.808
  0.696
  0.687
  0.769
  1.103
  1.331
  1.166
  0.914
  0.787
  0.852
  0.981
  0.925
  0.735
  0.600
  0.483
  0.609
  0.928
  1.263
  1.233
  1.047
  0.957
  1.052
  1.183
  1.184
  1.120
  1.081
  1.009
  1.069
  1.167
  1.162
  0.971
  0.817
  0.883
  1.075
  1.214
  1.118
  0.976
  0.956
  0.959
  0.956
  0.954
  0.983
  1.071
  1.033
  0.942
  0.908
  0.937
  1.080
  1.059
  0.989
  0.897
  0.863
  0.960
  0.930
  0.859
  0.998
  1.245
  1.234
  1.116
  0.970
  0.963
  0.987
  0.917
  0.841
  0.874
  0.910
  0.894
  0.863
  0.832
  0.945
  1.048
  1.087
  1.156
  1.189
  1.187
  1.195
  1.157
  1.044
  0.844
  0.713
  0.750
  0.865
  0.933
  0.937
  0.912
  0.878
  0.797
  0.841
  0.931
  0.986
  0.965
  0.907
  0.910
  0.953
  1.049
  1.131
  1.122
  1.073
  1.104
  1.175
  1.180
  1.121
  1.059
  0.952
  0.846
  0.868
  0.931
  0.935
  0.944
  1.063
  1.107
  1.040
  0.955
  0.967
  1.044
  1.083
  1.087
  1.007
  0.996
  0.991
  0.925
  1.010
  1.081
  0.987
  0.885
  0.937
  1.041
  1.014
  0.964
  0.924
  0.883
  0.876
  0.936
  0.959
  0.987
  1.018
  1.019
  1.033
  1.043
  1.138
  1.205
  1.149
  1.023
  0.939
  0.952
  0.962
  0.971
  0.892
  0.866
  0.918
  0.995
  1.051
  1.001
  0.984
  0.975
  0.971
  0.987
  1.022
  0.983
  0.962
