   1 120   1   0  0.7279435E+01  0.5000000E+01
  CAR 
 unknown system                          
   0   0   0
   1   1
 256 256 256
 256
  0.1000000E-09
  0.6250000E-11
   1
  0.5000000E-15  0.1014539E-08  0.1040844E-08  0.1040844E-08
  0.5017871E+01  0.5127897E+01
  0.000
  0.000
  0.000
  0.000
  0.000
  0.000
  0.000
  0.000
  0.000
  0.000
  0.000
  0.000
  0.000
  0.000
  0.000
  0.000
  0.000
  0.000
  0.000
  0.000
  0.000
  0.000
  0.715
  0.490
  0.000
  2.899
  0.469
  1.587
  9.036
  1.819
  0.000
  0.000
  0.000
  0.000
  0.000
  0.120
  0.362
  0.668
  0.219
  0.000
  0.000
  0.000
  0.000
  0.751
  0.254
  1.529
  5.505
  3.557
  1.575
  1.250
  1.013
  0.148
  0.600
  0.646
  0.740
  1.017
  0.400
  0.800
  2.127
  1.950
  1.172
  0.954
  0.000
  0.156
  0.201
  0.185
  0.348
  0.073
  2.047
  2.875
  0.844
  1.452
  0.690
  0.645
  0.953
  0.903
  0.374
  1.561
  1.359
  1.213
  0.233
  0.889
  0.358
  1.806
  0.525
  1.006
  1.826
  1.447
  1.374
  1.846
  0.312
  0.450
  0.824
  2.016
  1.430
  1.109
  0.717
  0.737
  0.636
  0.450
  1.104
  1.741
  1.123
  0.960
  0.567
  0.822
  1.145
  0.871
  0.758
  0.670
  0.221
  0.558
  0.751
  1.791
  1.290
  0.948
  0.791
  0.924
  1.447
  1.220
  0.918
  1.172
  0.899
  1.057
  1.141
  1.619
  0.857
  0.594
  0.784
  0.929
  1.476
  1.244
  0.883
  1.030
  0.861
  1.036
  0.854
  0.980
  1.076
  0.906
  1.133
  0.959
  0.650
  1.191
  1.231
  0.949
  0.984
  0.579
  1.034
  1.078
  0.586
  1.009
  1.614
  1.074
  1.202
  0.971
  0.788
  1.064
  0.979
  0.764
  0.864
  1.029
  0.685
  1.018
  0.717
  0.875
  1.214
  1.097
  1.057
  1.184
  1.189
  1.335
  1.175
  1.132
  0.726
  0.609
  0.719
  0.874
  0.961
  1.042
  0.814
  0.992
  0.694
  0.852
  0.825
  1.209
  0.940
  0.893
  0.878
  0.741
  1.198
  1.136
  1.248
  1.011
  0.908
  1.237
  1.283
  1.144
  1.043
  1.101
  0.678
  0.797
  0.985
  0.950
  0.869
  1.154
  1.140
  0.990
  0.936
  0.950
  1.116
  1.072
  1.141
  0.958
  0.897
  1.226
  0.699
  1.004
  1.216
  0.962
  0.725
  0.940
  1.310
  0.848
  1.014
  0.878
  0.878
  0.776
  1.098
  0.909
  0.979
  0.980
  1.026
  1.156
  0.813
  1.181
  1.338
  1.233
  1.036
  0.776
  1.004
  0.955
  1.004
  0.866
  0.821
  0.912
  0.922
  1.247
  0.896
  1.046
  0.940
  0.960
  0.946
  1.130
  0.931
  0.866
