   1 112   1   0  0.7777803E+01  0.5000000E+01
  CAR 
 unknown system                          
   0   0   0
   1   1
 256 256 256
 256
  0.1000000E-09
  0.6250000E-11
   1
  0.5000000E-15  0.1036269E-08  0.1036269E-08  0.1036269E-08
  0.5006819E+01  0.5321141E+01
  0.000
  0.000
  0.000
  0.000
  0.000
  0.000
  0.000
  0.000
  0.000
  0.000
  0.000
  0.000
  0.000
  0.000
  0.000
  0.000
  0.000
  0.000
  0.000
  0.000
  0.000
  0.000
  0.000
  0.000
  3.602
  0.017
  0.000
  1.437
 10.691
  1.815
  0.645
  0.000
  0.000
  0.000
  0.000
  0.000
  0.000
  0.000
  0.000
  0.000
  0.000
  0.000
  1.203
  0.000
  1.064
  0.247
  6.004
  2.717
  0.679
  2.321
  1.497
  0.866
  0.036
  1.104
  0.366
  0.353
  0.000
  2.968
  1.796
  0.515
  2.539
  0.309
  0.000
  0.000
  0.000
  0.000
  0.000
  1.051
  2.677
  0.549
  0.826
  3.252
  0.519
  0.177
  0.064
  0.824
  0.628
  2.999
  1.849
  0.349
  0.000
  0.287
  1.678
  0.582
  0.027
  1.256
  2.269
  1.666
  2.633
  1.030
  0.191
  0.004
  0.939
  1.819
  2.174
  1.362
  0.191
  0.197
  0.230
  0.468
  2.444
  1.964
  1.189
  0.493
  0.368
  0.506
  1.733
  1.503
  0.671
  0.004
  0.221
  0.879
  0.412
  1.517
  1.634
  0.580
  0.544
  1.294
  1.213
  1.425
  0.877
  1.137
  0.593
  1.441
  1.352
  1.460
  0.082
  0.675
  1.713
  1.109
  1.273
  0.612
  0.400
  1.203
  1.957
  1.271
  0.418
  0.228
  0.841
  1.650
  0.984
  0.211
  1.454
  1.450
  1.403
  0.556
  0.459
  1.171
  0.501
  1.006
  1.645
  0.823
  1.638
  1.247
  0.857
  0.970
  1.079
  0.889
  0.723
  0.670
  0.920
  1.025
  0.650
  0.523
  1.131
  1.028
  0.758
  0.589
  1.953
  1.774
  1.310
  0.904
  1.177
  1.069
  0.170
  0.618
  1.313
  1.041
  0.881
  0.904
  1.168
  0.564
  0.584
  0.978
  0.638
  0.572
  0.992
  1.223
  1.674
  0.246
  1.111
  1.458
  0.973
  1.135
  1.564
  1.085
  1.142
  0.830
  0.648
  0.969
  0.827
  1.105
  0.376
  0.853
  1.613
  0.977
  1.088
  1.226
  0.535
  0.605
  1.532
  0.922
  0.908
  0.860
  1.369
  1.138
  0.897
  1.261
  1.049
  1.145
  0.917
  0.762
  1.154
  0.870
  0.664
  1.099
  1.192
  0.878
  1.368
  0.514
  0.920
  0.767
  0.706
  1.156
  1.558
  1.635
  0.945
  0.900
  0.963
  0.803
  1.241
  0.574
  0.890
  0.814
  0.887
  1.182
  0.870
  0.926
  1.187
  0.815
  1.161
  0.988
  1.088
  1.145
  0.933
  0.863
