   1 120   1   0  0.7279435E+01  0.2325000E+04
  CAR 
 unknown system                          
   0   0   0
   1   1
 256 256 256
 256
  0.1000000E-09
  0.6250000E-11
   1
  0.5000000E-15  0.1014539E-08  0.1040844E-08  0.1040844E-08
  0.2324076E+04  0.2389111E+04
  0.000
  0.000
  0.000
  0.000
  0.000
  0.000
  0.000
  0.000
  0.000
  0.000
  0.000
  0.000
  0.000
  0.000
  0.000
  0.000
  0.000
  0.000
  0.000
  0.000
  0.008
  0.090
  0.359
  0.814
  1.234
  1.664
  2.147
  2.535
  2.596
  1.966
  1.419
  0.946
  0.564
  0.379
  0.247
  0.208
  0.223
  0.229
  0.250
  0.273
  0.337
  0.470
  0.639
  0.955
  1.292
  1.777
  2.035
  2.057
  1.806
  1.539
  1.352
  1.155
  1.028
  0.968
  0.896
  0.928
  0.939
  0.963
  0.996
  0.945
  0.872
  0.766
  0.658
  0.602
  0.606
  0.643
  0.792
  0.947
  1.109
  1.207
  1.181
  1.133
  1.046
  1.009
  0.969
  0.952
  0.925
  0.981
  0.992
  0.993
  0.970
  0.986
  0.988
  1.016
  1.067
  1.104
  1.154
  1.158
  1.168
  1.154
  1.119
  1.069
  1.086
  1.103
  1.081
  1.057
  0.994
  0.960
  0.942
  0.945
  0.962
  0.979
  0.985
  0.972
  0.929
  0.905
  0.902
  0.861
  0.834
  0.820
  0.807
  0.842
  0.887
  0.955
  1.013
  1.036
  1.045
  1.067
  1.077
  1.079
  1.073
  1.085
  1.064
  1.076
  1.081
  1.078
  1.040
  1.012
  0.999
  1.018
  1.028
  1.009
  1.001
  1.006
  1.001
  1.011
  1.011
  1.003
  1.004
  0.991
  0.981
  0.985
  0.986
  0.985
  0.980
  0.977
  0.949
  0.934
  0.958
  0.967
  0.985
  1.021
  1.050
  1.046
  1.028
  1.003
  0.979
  0.962
  0.951
  0.935
  0.923
  0.915
  0.916
  0.944
  0.955
  0.980
  1.030
  1.046
  1.077
  1.069
  1.083
  1.062
  1.040
  1.003
  0.954
  0.924
  0.899
  0.895
  0.897
  0.896
  0.892
  0.892
  0.896
  0.891
  0.907
  0.935
  0.950
  0.964
  0.984
  1.004
  1.032
  1.057
  1.068
  1.071
  1.073
  1.083
  1.066
  1.039
  1.010
  0.990
  0.965
  0.972
  0.973
  0.983
  0.991
  1.010
  1.018
  1.017
  1.014
  1.008
  1.006
  1.018
  1.014
  1.011
  1.011
  1.008
  1.003
  1.009
  1.010
  0.994
  0.985
  0.975
  0.975
  0.959
  0.948
  0.951
  0.950
  0.943
  0.954
  0.967
  0.980
  1.001
  1.029
  1.040
  1.040
  1.057
  1.065
  1.063
  1.036
  1.006
  0.993
  0.971
  0.957
  0.949
  0.948
  0.962
  0.967
  0.976
  0.985
  0.979
  0.980
  0.987
  1.003
  1.004
  1.004
  0.997
