   1 112   1   0  0.7777803E+01  0.3000000E+03
  CAR 
 unknown system                          
   0   0   0
   1   1
 256 256 256
 256
  0.1000000E-09
  0.6250000E-11
   1
  0.5000000E-15  0.1036269E-08  0.1036269E-08  0.1036269E-08
  0.2993943E+03  0.3107674E+03
  0.000
  0.000
  0.000
  0.000
  0.000
  0.000
  0.000
  0.000
  0.000
  0.000
  0.000
  0.000
  0.000
  0.000
  0.000
  0.000
  0.000
  0.000
  0.000
  0.000
  0.000
  0.000
  0.008
  0.271
  2.189
  1.015
  0.578
  2.426
  6.183
  3.875
  1.190
  0.237
  0.016
  0.002
  0.000
  0.000
  0.000
  0.000
  0.000
  0.001
  0.028
  0.212
  0.667
  0.587
  0.692
  1.847
  3.594
  3.010
  1.888
  1.648
  1.382
  0.904
  0.568
  0.559
  0.548
  0.707
  0.964
  1.485
  1.547
  1.341
  1.089
  0.706
  0.346
  0.171
  0.086
  0.123
  0.441
  1.093
  1.619
  1.330
  1.311
  1.512
  1.035
  0.582
  0.499
  0.748
  1.240
  1.645
  1.417
  0.894
  0.533
  0.527
  0.793
  0.883
  0.937
  1.232
  1.451
  1.618
  1.736
  1.341
  0.766
  0.706
  1.066
  1.359
  1.344
  1.123
  0.753
  0.509
  0.579
  0.965
  1.427
  1.515
  1.182
  0.880
  0.770
  0.880
  1.105
  1.017
  0.679
  0.487
  0.522
  0.687
  0.860
  1.129
  1.076
  0.926
  0.922
  1.074
  1.217
  1.194
  1.045
  0.975
  1.004
  1.170
  1.176
  1.070
  0.842
  0.913
  1.130
  1.162
  1.039
  0.867
  0.885
  1.077
  1.269
  1.091
  0.840
  0.739
  0.880
  0.979
  0.929
  0.992
  1.216
  1.207
  1.040
  0.821
  0.754
  0.846
  0.892
  0.995
  1.147
  1.229
  1.304
  1.224
  1.048
  0.996
  0.994
  0.892
  0.758
  0.764
  0.859
  0.861
  0.800
  0.754
  0.885
  0.959
  0.972
  1.107
  1.382
  1.438
  1.318
  1.163
  1.055
  0.873
  0.714
  0.768
  0.928
  0.947
  0.950
  0.979
  0.897
  0.759
  0.743
  0.787
  0.766
  0.821
  0.958
  1.083
  1.061
  0.948
  1.075
  1.180
  1.170
  1.209
  1.239
  1.173
  1.036
  0.885
  0.826
  0.862
  0.836
  0.890
  0.874
  0.950
  1.106
  1.115
  1.087
  0.997
  0.874
  0.905
  1.050
  1.041
  1.006
  0.983
  1.047
  1.094
  1.073
  1.106
  1.102
  1.072
  0.987
  0.923
  0.950
  0.937
  0.922
  0.991
  1.013
  1.005
  0.997
  0.874
  0.836
  0.869
  0.949
  1.123
  1.313
  1.318
  1.119
  1.000
  0.934
  0.928
  0.947
  0.860
  0.832
  0.875
  0.943
  0.995
  0.961
  0.973
  1.005
  0.990
  1.040
  1.066
  1.056
  1.031
  0.960
  0.898
